begin
# comment outcar=./Alpha-R/1000K/OUTCAR.B.HR12.1000K.1498.4 structure_number=30
lattice 7.372579 4.256561 12.581182
lattice -7.372579 4.256561 12.581182
lattice 0.000000 -5.675414 8.387455
atom 5.68402000 5.02778000 15.35889000 B 0.0 0.0 2.29326300 0.16088400 1.35853900
atom 0.92876000 2.15790000 7.04910000 B 0.0 0.0 -0.82239500 1.97873700 -0.14555300
atom 3.42489000 3.60778000 11.15848000 B 0.0 0.0 -2.56038700 1.98329900 3.25112100
atom -3.99300000 2.33189000 7.08300000 B 0.0 0.0 -1.00765000 0.87233600 -1.93755800
atom -1.62471000 3.70942000 11.19932000 B 0.0 0.0 -0.47295400 1.52690700 -1.42578300
atom 0.85926000 5.03545000 15.51254000 B 0.0 0.0 -1.85446800 -0.01263400 -2.04416700
atom -6.54918000 -1.74213000 19.53111000 B 0.0 0.0 0.80043700 -2.55803000 0.55959200
atom -4.04887000 5.12734000 15.29675000 B 0.0 0.0 -1.16210000 0.53202500 4.36221800
atom -1.51813000 6.53293000 19.60627000 B 0.0 0.0 -0.95722400 1.72902900 -1.79339100
atom 5.74635000 2.23361000 19.58791000 B 0.0 0.0 1.27247600 2.01566100 -0.22376600
atom 1.05496000 -0.45503000 11.23178000 B 0.0 0.0 -1.03871000 0.23726500 -1.32870600
atom 3.31924000 0.90727000 15.42507000 B 0.0 0.0 1.05270200 -0.40516700 -0.27853800
atom -3.93539000 -0.50365000 11.34147000 B 0.0 0.0 -0.46029800 -0.50707100 -1.59421400
atom -1.63312000 0.83771000 15.42816000 B 0.0 0.0 -1.30173900 1.71515800 -0.19636900
atom 0.87418000 2.26629000 19.52554000 B 0.0 0.0 1.24340900 1.32555700 1.38717100
atom -6.44129000 0.93352000 15.30838000 B 0.0 0.0 -0.61201200 1.16101200 2.03226100
atom -3.99370000 2.24903000 19.79646000 B 0.0 0.0 0.22771100 0.51199200 0.09565400
atom -1.52100000 3.90234000 23.87736000 B 0.0 0.0 0.29670300 -0.83650900 -0.14884200
atom 0.04991000 -1.69268000 2.72106000 B 0.0 0.0 0.23825800 -2.63677400 1.71313000
atom -4.67871000 3.99387000 19.69047000 B 0.0 0.0 -0.66878800 -2.92162700 -0.81447900
atom 4.91698000 1.07431000 11.18467000 B 0.0 0.0 0.84619300 0.37780200 -1.85328000
atom -2.34968000 -0.42063000 7.07384000 B 0.0 0.0 -0.71833900 1.32889600 -0.86960000
atom -0.14330000 1.04741000 11.17971000 B 0.0 0.0 1.31002500 0.36780100 1.45847900
atom 2.45766000 2.35570000 15.45223000 B 0.0 0.0 0.22810400 0.64197400 -0.41395900
atom -4.70267000 1.07872000 11.25826000 B 0.0 0.0 -1.97589700 -1.01619700 -0.00084900
atom -2.54999000 2.47249000 15.45583000 B 0.0 0.0 -1.15385300 -1.03516300 -0.18893900
atom -0.06183000 3.90186000 19.58463000 B 0.0 0.0 1.01976900 -0.57541500 0.02078700
atom 7.23210000 -0.41846000 19.47225000 B 0.0 0.0 0.27029700 0.94680500 1.51716300
atom -4.80073000 0.96818000 23.91791000 B 0.0 0.0 -2.57727500 0.61898800 -1.47806200
atom 4.92658000 -1.82362000 15.46402000 B 0.0 0.0 -0.02150600 0.56766600 -1.81191300
atom 4.93376000 0.87994000 23.71326000 B 0.0 0.0 0.17639300 1.21312900 0.76180700
atom 0.07206000 -1.90295000 15.41073000 B 0.0 0.0 -0.13802600 0.56106900 -0.76311700
atom 2.55425000 -0.45337000 19.77491000 B 0.0 0.0 -2.32072900 1.33724400 -3.86604600
atom -4.90565000 -1.71847000 15.36890000 B 0.0 0.0 -0.63599700 -3.90798000 1.39743900
atom -2.54517000 -0.36281000 19.38726000 B 0.0 0.0 0.81432300 -1.88090400 3.52487200
atom -0.03750000 0.93282000 23.87281000 B 0.0 0.0 0.19836900 -0.36235900 -2.09267000
atom 1.57872000 0.83216000 2.96814000 B 0.0 0.0 -0.13030100 1.63717400 -1.52923400
atom 3.98662000 2.36853000 7.03961000 B 0.0 0.0 0.90415300 0.25397600 -1.27128800
atom 6.40565000 3.77248000 11.23311000 B 0.0 0.0 0.73632900 -0.27213700 -2.06540500
atom -0.80444000 2.29224000 7.08651000 B 0.0 0.0 -1.27769400 -0.76659800 -2.94276300
atom 1.67421000 -1.87775000 19.55741000 B 0.0 0.0 -1.16692300 -0.78335300 1.02927900
atom 4.06894000 5.09984000 15.43784000 B 0.0 0.0 -2.53901200 -1.00408300 0.36337700
atom -3.39638000 -1.86168000 19.51489000 B 0.0 0.0 -0.32232000 -0.50059600 -0.04473700
atom -1.04093000 5.04605000 15.36031000 B 0.0 0.0 2.12992200 1.52919900 1.68181300
atom 1.54835000 6.57697000 19.50718000 B 0.0 0.0 1.16447900 0.24631200 1.48330600
atom -5.65297000 2.41271000 19.63814000 B 0.0 0.0 -1.21820700 -0.44762000 1.12479900
atom -3.21487000 3.75669000 23.86153000 B 0.0 0.0 -0.51645000 0.94876900 0.02007700
atom -0.76319000 5.22139000 27.84994000 B 0.0 0.0 -1.87566000 0.31966800 0.32960200
atom -0.71466000 -0.46890000 11.24574000 B 0.0 0.0 -2.26906400 -2.34783200 -1.17276600
atom 1.59964000 0.87104000 15.32400000 B 0.0 0.0 0.39268800 0.66886900 2.38968600
atom 4.06889000 2.41912000 19.52020000 B 0.0 0.0 -0.63778100 -0.24942500 1.41882300
atom -3.44779000 0.92982000 15.49228000 B 0.0 0.0 1.10390000 -0.29062100 -0.24479800
atom -0.74943000 2.34344000 19.64231000 B 0.0 0.0 -3.18325200 -0.22946200 0.34140300
atom 1.72042000 3.84792000 23.74443000 B 0.0 0.0 0.03435200 -1.09746900 0.30599500
atom -1.57443000 -0.77031000 9.84402000 B 0.0 0.0 0.03634300 -1.16752200 -1.17441700
atom 0.87945000 0.59884000 13.95713000 B 0.0 0.0 -2.39299900 -1.43500200 -2.27058500
atom 3.36804000 1.97815000 18.09287000 B 0.0 0.0 0.96133000 -1.13844900 1.55117500
atom -3.82182000 0.35689000 14.03083000 B 0.0 0.0 -3.35177600 1.06012500 -1.08586300
atom -1.60999000 1.96019000 18.29415000 B 0.0 0.0 -1.59277400 -1.39388500 -2.60670400
atom 1.02321000 3.47529000 22.34110000 B 0.0 0.0 -2.52178800 -1.17194300 -1.72932300
atom 0.79135000 -2.28521000 5.79272000 B 0.0 0.0 0.42293200 -0.48993200 -3.53783500
atom -3.87189000 3.34236000 22.46683000 B 0.0 0.0 0.06810500 -1.33776100 -1.92942300
atom 5.74821000 0.60545000 13.87455000 B 0.0 0.0 2.39031400 -0.70045500 0.36423200
atom -1.58544000 -3.75674000 13.92192000 B 0.0 0.0 1.80458100 0.45661900 0.36874700
atom 0.98183000 -2.35066000 18.17223000 B 0.0 0.0 -1.92680400 0.10097500 -2.06722000
atom 3.29047000 4.59309000 14.01824000 B 0.0 0.0 0.30636200 1.28417300 0.00063200
atom -4.20071000 -2.19578000 17.99899000 B 0.0 0.0 2.54656600 -1.16836400 2.45696900
atom -1.63057000 -0.88174000 22.25982000 B 0.0 0.0 -1.06320200 -0.57412500 -0.47811100
atom 0.85848000 0.47250000 26.47716000 B 0.0 0.0 0.79913500 -0.73079600 -0.30380700
atom -6.36174000 -0.87145000 22.39332000 B 0.0 0.0 -2.62238200 -1.12555000 -1.26116500
atom -4.02720000 0.60898000 26.46749000 B 0.0 0.0 -0.09670800 -1.19474800 2.33745800
atom -1.58944000 1.99177000 30.59907000 B 0.0 0.0 0.06675000 0.65418000 1.68647600
atom 0.00408000 1.91472000 9.83772000 B 0.0 0.0 -0.48641600 -0.05804300 -2.24997900
atom 2.40716000 3.13168000 13.99162000 B 0.0 0.0 -0.63379000 1.10556400 -0.86351600
atom 4.90990000 4.73120000 18.17408000 B 0.0 0.0 -0.20937200 -1.97870700 0.82446100
atom -2.54696000 3.20383000 13.89103000 B 0.0 0.0 0.57957900 0.56353100 0.94265100
atom -0.03480000 4.61673000 18.01794000 B 0.0 0.0 -1.99377600 0.22420600 3.14054900
atom -4.89544000 1.85180000 9.80746000 B 0.0 0.0 0.21419100 0.65018500 -1.17637400
atom -4.86625000 4.64671000 18.16338000 B 0.0 0.0 0.57572300 1.20408900 0.40149400
atom -2.42558000 6.18007000 22.18217000 B 0.0 0.0 -0.19363900 -1.35357800 2.18400000
atom 0.07546000 7.48846000 26.38153000 B 0.0 0.0 -0.28788200 1.09404000 1.91921600
atom -0.00180000 -0.96494000 14.00161000 B 0.0 0.0 0.66578000 -0.26077400 -0.82729800
atom 2.55064000 0.33343000 18.10702000 B 0.0 0.0 -1.44295900 0.09098500 2.44446900
atom -2.39146000 -2.37340000 9.76542000 B 0.0 0.0 0.02739700 0.15942600 -0.15000500
atom -2.65509000 0.29345000 17.93201000 B 0.0 0.0 2.49061200 1.99177400 3.34823800
atom -0.09411000 1.86715000 22.40878000 B 0.0 0.0 2.16899500 0.25726400 1.07541900
atom 2.51098000 3.11655000 26.51474000 B 0.0 0.0 -0.53755500 2.99778400 -2.12514400
atom -4.87678000 1.75325000 22.45368000 B 0.0 0.0 0.15992900 1.96279100 -0.63562600
atom -2.39256000 3.20421000 26.52856000 B 0.0 0.0 -0.05241600 1.32940600 -0.27748300
atom 0.07018000 4.63465000 30.62589000 B 0.0 0.0 -1.11659800 1.98810000 0.68419400
atom 1.89933000 -0.78952000 9.75788000 B 0.0 0.0 -4.79223000 -1.34411300 1.95649300
atom 4.10664000 0.52400000 13.98335000 B 0.0 0.0 -0.77821900 0.05300900 -0.10603900
atom 6.47637000 2.03148000 18.11427000 B 0.0 0.0 0.11657600 -2.27473600 -0.47425300
atom -1.03010000 0.49859000 13.96502000 B 0.0 0.0 2.57920300 -0.52266200 -1.89845200
atom 1.76281000 1.87255000 18.14276000 B 0.0 0.0 -3.73459500 -0.25848900 1.23614700
atom -3.33231000 -0.82513000 9.79547000 B 0.0 0.0 0.68655700 -0.50436400 -0.28469100
atom -3.49077000 1.80167000 18.31687000 B 0.0 0.0 1.96338200 -0.03617700 -2.45379600
atom -0.89400000 3.52714000 22.45509000 B 0.0 0.0 2.23923100 -1.57416000 -2.54939800
atom 1.61145000 4.78055000 26.50656000 B 0.0 0.0 1.70285600 -1.18170900 -1.55950600
atom 1.60012000 1.87857000 5.57911000 B 0.0 0.0 -0.30714100 0.32117500 0.27680700
atom 3.98058000 -2.25038000 18.05940000 B 0.0 0.0 1.91817800 -1.16701700 -0.62754500
atom 6.49303000 4.68548000 13.99256000 B 0.0 0.0 0.81658200 0.79218500 -1.47668400
atom -1.02378000 -2.26173000 18.03441000 B 0.0 0.0 2.31092700 -1.36091000 1.91945300
atom 1.52685000 4.71837000 14.05000000 B 0.0 0.0 0.15735000 -0.87101900 -0.88326300
atom -3.24424000 -3.67331000 13.97607000 B 0.0 0.0 -1.59749000 -0.58789300 0.61586000
atom -3.44852000 4.70762000 13.91666000 B 0.0 0.0 1.98644100 -0.25770200 -1.71490500
atom -0.77910000 0.59619000 26.48323000 B 0.0 0.0 -2.90352300 -1.39783900 0.94215100
atom 1.54120000 7.55340000 22.37842000 B 0.0 0.0 -1.38249400 0.46080500 -1.26926200
atom -1.08900000 0.52046000 4.54464000 B 0.0 0.0 1.26738000 -0.04514600 -0.15891900
atom 1.44858000 1.88720000 8.64062000 B 0.0 0.0 0.30733000 1.26612700 1.74555300
atom 3.79809000 3.19285000 12.85101000 B 0.0 0.0 0.53011900 2.07852500 0.47258000
atom -3.48588000 2.11469000 8.65052000 B 0.0 0.0 -0.38488000 -0.86262400 0.94605200
atom -1.09277000 3.47877000 12.87521000 B 0.0 0.0 0.23297800 -0.43971300 -0.72504400
atom 1.30476000 4.66317000 17.10340000 B 0.0 0.0 1.75790300 -0.42582900 -0.23419700
atom -5.97686000 3.49178000 12.77733000 B 0.0 0.0 2.20369500 -0.31154900 0.70523100
atom -3.44141000 4.90180000 17.06894000 B 0.0 0.0 -0.64236800 -0.49440900 -0.15631400
atom -0.98709000 6.33958000 21.17174000 B 0.0 0.0 -0.54535600 0.28207700 0.93489100
atom -0.98444000 -2.16346000 8.71553000 B 0.0 0.0 0.79667600 -0.59844900 0.08554400
atom 1.58725000 -0.78185000 12.88125000 B 0.0 0.0 -1.34439100 0.40976100 0.31948500
atom 3.82437000 0.57489000 17.14303000 B 0.0 0.0 1.68261000 -0.09317800 -1.94728600
atom -3.39424000 -0.86693000 12.97869000 B 0.0 0.0 -0.06382900 -1.22924600 -1.18392200
atom -0.95195000 0.68671000 16.95141000 B 0.0 0.0 -0.92264000 -1.47993000 1.91777700
atom 1.28519000 2.06815000 21.26850000 B 0.0 0.0 2.82161100 -0.25031200 0.84100400
atom -5.87923000 0.66115000 17.03568000 B 0.0 0.0 -0.92149900 -1.07824900 0.34372000
atom -3.36541000 1.88153000 21.43795000 B 0.0 0.0 -1.81986600 1.52136000 -0.71654800
atom -0.92437000 3.43218000 25.42277000 B 0.0 0.0 -0.64851800 0.56723000 0.87998400
atom -0.01760000 -1.22039000 4.48620000 B 0.0 0.0 0.53072700 1.04555900 0.11684300
atom 2.56404000 0.26895000 8.70589000 B 0.0 0.0 1.54443800 1.73591000 0.95700200
atom 4.94278000 1.82678000 12.68410000 B 0.0 0.0 1.27803500 -0.29854700 3.04945200
atom -2.53266000 0.36385000 8.65596000 B 0.0 0.0 0.67746000 -1.29156000 0.74597300
atom -0.03922000 1.75458000 12.81415000 B 0.0 0.0 -2.28751800 -0.66300400 1.63843600
atom 2.44648000 3.03389000 17.06768000 B 0.0 0.0 0.45444600 0.88818200 0.40132400
atom -4.93467000 1.69931000 12.89679000 B 0.0 0.0 0.43807100 -0.64126900 -0.01932800
atom -2.54660000 3.02997000 17.29141000 B 0.0 0.0 -1.33107800 -0.13947500 -1.34723000
atom 0.07150000 4.63765000 21.21102000 B 0.0 0.0 -0.49692500 -2.41014800 0.63296900
atom -0.01538000 -4.13441000 8.67754000 B 0.0 0.0 -0.04323300 1.66990700 0.27862200
atom 2.42793000 -2.55499000 12.95708000 B 0.0 0.0 -0.31928300 -0.01895200 -0.77929000
atom 4.84286000 -0.97756000 16.99395000 B 0.0 0.0 1.08827300 -2.01610800 0.79609200
atom -2.42017000 -2.64262000 12.72934000 B 0.0 0.0 0.76047500 0.10168100 1.52681700
atom 0.00102000 -1.23748000 17.03327000 B 0.0 0.0 0.65596400 0.70019200 0.75594300
atom 2.37189000 0.24828000 21.48850000 B 0.0 0.0 -0.04944600 0.13677600 -1.33709500
atom -5.18251000 -1.26629000 16.94613000 B 0.0 0.0 3.50692300 2.90471900 2.17287000
atom -2.59413000 0.27496000 21.36576000 B 0.0 0.0 1.33810100 -0.98553300 -1.76108600
atom -0.00724000 1.59280000 25.39934000 B 0.0 0.0 0.54975500 1.05015000 0.07678300
atom 0.88869000 0.55852000 4.68145000 B 0.0 0.0 1.37201400 0.22734800 -1.60261600
atom 3.52655000 1.93309000 8.66153000 B 0.0 0.0 -1.22412700 1.68708300 -0.07677300
atom 6.02350000 3.53679000 12.85999000 B 0.0 0.0 -1.02396300 -2.26991400 -0.19656000
atom -1.49051000 1.96404000 8.64900000 B 0.0 0.0 0.35893400 1.05603900 0.88970800
atom 0.79391000 3.45564000 12.97984000 B 0.0 0.0 2.34952600 -0.20832700 -0.78610200
atom 3.33982000 4.73256000 17.17223000 B 0.0 0.0 2.30503900 1.21854600 -0.81231500
atom -3.95651000 3.38786000 12.89794000 B 0.0 0.0 -0.42134800 0.06342900 -1.38632000
atom -1.60842000 4.76527000 17.14384000 B 0.0 0.0 1.90433400 0.88635600 -1.00018500
atom 0.85963000 6.19559000 21.40253000 B 0.0 0.0 2.59723300 1.55758400 -1.23365300
atom 0.97759000 -2.12453000 8.66377000 B 0.0 0.0 0.31589800 -0.22873300 1.14343800
atom 3.50843000 -0.66959000 12.84972000 B 0.0 0.0 -0.17318100 -2.04765800 1.51553500
atom 5.93575000 0.54980000 16.90471000 B 0.0 0.0 -0.15056500 1.59221700 1.23324600
atom -1.32563000 -0.98629000 12.85668000 B 0.0 0.0 -0.82028400 1.18630000 0.09004800
atom 0.97692000 0.49840000 17.02410000 B 0.0 0.0 0.22631600 -0.29574800 0.63086800
atom 3.62598000 2.06306000 21.30286000 B 0.0 0.0 -2.96354700 0.50338700 0.18656200
atom -4.02616000 0.31363000 17.04817000 B 0.0 0.0 -0.62395500 2.84110400 -0.60792000
atom -1.39829000 1.93745000 21.44943000 B 0.0 0.0 -1.26887700 1.89142100 -1.65467000
atom 1.11053000 3.45648000 25.28112000 B 0.0 0.0 -0.99984800 -2.89455000 2.76645900
atom -0.89368000 -0.50810000 8.24273000 B 0.0 0.0 -1.30822500 0.23355000 -1.23697000
atom 1.18773000 0.87715000 12.25831000 B 0.0 0.0 4.55792200 0.44077700 0.35489300
atom 3.90175000 2.22821000 16.56029000 B 0.0 0.0 0.78027800 0.21206000 -2.28767600
atom -3.47160000 0.76244000 12.34985000 B 0.0 0.0 1.73074300 1.29232500 0.42413100
atom -1.22825000 2.28699000 16.47168000 B 0.0 0.0 2.38401800 0.29074100 0.72660000
atom 1.57361000 3.71825000 20.60355000 B 0.0 0.0 -2.31416500 -0.94639000 0.44608200
atom -5.87412000 2.27942000 16.49034000 B 0.0 0.0 -1.58489000 0.44129200 -0.54017200
atom -3.33276000 3.66206000 20.81437000 B 0.0 0.0 0.14483200 -0.71667300 -1.07704100
atom -0.89454000 5.27042000 24.87914000 B 0.0 0.0 -1.69365600 -1.60264500 -0.32568700
atom -0.85830000 -3.64083000 12.15707000 B 0.0 0.0 -1.84799000 1.50729400 0.58378300
atom 1.41919000 -2.05511000 16.42708000 B 0.0 0.0 1.15093700 -0.51454200 1.11000100
atom 3.72299000 -0.56240000 20.79615000 B 0.0 0.0 4.03539500 -1.24663500 0.73112700
atom -3.49283000 -1.92931000 16.42642000 B 0.0 0.0 -0.66291700 -0.11852900 -0.25263100
atom -1.00034000 -0.56989000 20.49768000 B 0.0 0.0 -1.37712600 0.37088400 1.35061000
atom 1.52621000 0.51729000 24.86089000 B 0.0 0.0 -0.65353500 3.35454100 0.39406100
atom -5.85070000 -0.56454000 20.70569000 B 0.0 0.0 -1.00022700 0.74791200 -0.50462400
atom -3.48520000 0.92123000 24.91188000 B 0.0 0.0 1.04691700 -0.61544900 -0.58107200
atom -0.97438000 2.42728000 29.01344000 B 0.0 0.0 -0.46262200 -1.32877500 0.05786200
atom -0.04055000 1.17364000 8.13876000 B 0.0 0.0 0.95786800 -1.43245800 0.19268600
atom 2.31081000 2.58411000 12.29394000 B 0.0 0.0 -0.08290600 -1.60419400 -0.43977400
atom 4.93948000 3.90635000 16.54722000 B 0.0 0.0 -1.24191300 0.69852300 -0.91752900
atom -2.49500000 2.65202000 12.20918000 B 0.0 0.0 -0.51799100 -1.11869000 0.46218400
atom -0.13178000 3.88790000 16.44481000 B 0.0 0.0 -0.62523600 -0.38297800 -0.31297700
atom 2.38912000 5.50560000 20.69419000 B 0.0 0.0 0.43251100 0.04480300 -0.31344500
atom -4.97770000 4.10072000 16.57147000 B 0.0 0.0 1.25394400 -1.86726900 -0.47125500
atom -2.48705000 5.46007000 20.53238000 B 0.0 0.0 1.33288100 -0.25749300 1.18934200
atom 0.08729000 6.86899000 24.82880000 B 0.0 0.0 -1.31155700 0.25907000 -1.15889600
atom 0.15901000 -1.63942000 12.17922000 B 0.0 0.0 0.23280600 -0.47073400 1.30303600
atom 2.39637000 -0.26116000 16.38272000 B 0.0 0.0 0.64469900 -0.58126900 0.60365700
atom 4.86912000 1.26854000 20.60045000 B 0.0 0.0 1.43396800 -2.21916300 0.76443100
atom -2.49494000 -0.29070000 16.42090000 B 0.0 0.0 0.39148500 -0.44606800 -0.55283700
atom -0.02617000 1.21320000 20.72406000 B 0.0 0.0 0.07590000 -1.23659100 -0.64128900
atom 2.49400000 2.45652000 24.91839000 B 0.0 0.0 0.46520300 1.24906700 -0.68073300
atom -5.07484000 1.10246000 20.85461000 B 0.0 0.0 1.56260900 1.33602300 -1.28848800
atom -2.48215000 2.57370000 24.86985000 B 0.0 0.0 1.00631700 0.89693700 0.16177000
atom -0.00099000 4.15654000 29.01046000 B 0.0 0.0 1.20389200 -1.82315800 -1.20078500
atom 1.24906000 -0.50818000 8.06993000 B 0.0 0.0 -1.79179500 -0.41501200 0.84961100
atom 3.60926000 0.89415000 12.32618000 B 0.0 0.0 -1.80881700 0.85428500 -1.15998500
atom 5.92120000 2.21594000 16.34559000 B 0.0 0.0 0.38519900 0.76141400 1.03337300
atom -1.58307000 0.70417000 12.18949000 B 0.0 0.0 1.28733200 1.21637900 1.64527500
atom 1.18178000 2.08588000 16.55709000 B 0.0 0.0 -2.64459600 1.26876100 -1.46938400
atom 3.39568000 3.75296000 20.57175000 B 0.0 0.0 1.82920200 -0.75156700 1.33077400
atom -4.12780000 2.23082000 16.49077000 B 0.0 0.0 2.86110000 -0.07170300 1.08717800
atom -1.45358000 3.68523000 20.76328000 B 0.0 0.0 0.97233800 0.15087600 -0.34161500
atom 0.98051000 4.96619000 24.82610000 B 0.0 0.0 1.44884700 3.52788400 0.15495100
atom 1.04527000 -3.45632000 12.28560000 B 0.0 0.0 -0.75382700 0.29244400 0.36406700
atom 3.44471000 -1.86674000 16.47854000 B 0.0 0.0 -0.17951000 -1.45972500 -0.93538100
atom 5.85658000 -0.56230000 20.58324000 B 0.0 0.0 -0.22912400 0.86091600 0.91428200
atom -1.35331000 -2.07229000 16.40838000 B 0.0 0.0 -1.55433700 0.98290100 -0.19918300
atom 0.94439000 -0.64545000 20.62472000 B 0.0 0.0 0.64294900 0.78369000 1.09229400
atom 3.41925000 0.79727000 25.01762000 B 0.0 0.0 0.15181600 -0.57312900 -2.37241200
atom -3.94700000 -0.63064000 20.64292000 B 0.0 0.0 0.26761900 0.66633200 -0.10609600
atom -1.55307000 0.78059000 24.78175000 B 0.0 0.0 1.26383800 -0.31613400 1.28334700
atom 0.98882000 2.17915000 28.94141000 B 0.0 0.0 -2.55728700 -0.68213100 -0.23542200
energy -1412.31194807
charge 0.0
end

